2.1439754013
2.1448556430
2.7692404322
2.5975932979
2.5656111823
2.1871072453
2.0750231337
2.4904972227
2.2229037417
2.4250659220
2.1093525606
2.9860733077
2.1791850699
3.1069598364
1.6850760544
2.6216532381
2.9740433376
1.6671778063
2.1181549777
2.5189583715
2.1008435573
2.0283703229
2.1489634377
2.4635031435
2.0996699017
2.6380844168
2.9015701032
2.1161010804
1.9993223463
2.0914543124
2.2094067021
2.0357056705
2.1759575169
2.6715336019
2.0858794482
1.7772080205
2.7956476836
2.3508322041
3.2093612891
1.6305010682
1.9468012574
2.3050596350
2.2821733504
2.5110361961
2.2490175792
1.8036152719
2.0709153391
2.7217073796
2.5726531160
2.5791082219
2.0723824086
2.2795326253
2.1624604773
2.8860191662
2.0271966673
1.9083640359
2.2833470060
2.1161010804
2.5600363181
2.8135459318
2.2895086980
2.5465392785
2.0007894159
1.8939867546
2.1501370933
1.8769687481
2.3273590917
2.1653946164
2.7853781969
2.1395741928
2.7507553562
1.9685138863
2.5333356528
2.6181322713
2.5612099738
1.8919328572
1.8722741256
2.7058630287
2.7381385583
2.1011369713
2.0720889947
2.8443543917
2.5116230239
3.0204027345
2.1653946164
2.8329112495
2.6069825429
2.4092215711
2.4365090643
1.8449866325
2.8839652689
2.3255986083
2.2132210828
2.0803045840
2.4183174022
2.2355205396
2.4054071904
2.3596346213
2.0362924983
3.0113069035
1.9074837942
2.6680126350
2.1111130440
2.4990062260
2.5691321492
2.5125032656
2.0383463957
2.1627538912
1.6469322468
2.6732940853
2.5729465299
1.6495729720
2.6160783739
2.3170896051
2.1105262162
2.4329880974
1.9010286883
2.5163176463
2.0864662760
2.3608082769
2.3077003601
2.5990603675
2.3660897272
2.1501370933
2.5917250198
2.0486158823
2.4860960142
2.5482997619
2.7539829091
1.8790226454
2.6536353537
2.0280769090
2.1906282122
2.7903662333
2.3655028993
1.9940408961
1.6827287432
2.0216218031
1.9051364829
2.9094922786
2.4808145639
2.4406168589
1.5738721846
2.7598511872
3.1010915583
2.0852926204
1.7672319478
2.0671009583
2.6548090093
2.3631555881
2.8188273820
2.5802818776
2.8786838186
2.8003423060
2.1562987853
1.9195137643
1.6120159922
2.6680126350
2.6835635720
2.2070593908
1.9391724959
2.4012993957
2.9752169932
2.0723824086
2.1366400537
2.2877482146
2.0480290545
2.3675567967
2.3628621742
2.3232512971
2.8575580175
2.1973767320
2.7046893731
2.7158391015
2.9658277483
2.4992996399
2.8965820668
2.7674799487
2.5189583715
2.5562219374
2.1777180004
2.7710009156
2.3669699689
2.5227727522
1.8135913447
2.1724365501
2.8707616432
3.0341931881
3.1671096869
2.4764133553
2.3713711774
2.6172520295
2.0935082097
2.6727072575
2.0236757004
2.8566777757
2.1398676067
3.1838342794
2.6099166819
2.0662207166
2.5025271928
2.9065581395
2.4206647134
1.9362383568
2.7677733626
2.6639048404
2.1307717756
2.6812162608
2.2730775194
2.3443770982
1.7537349081
2.7698272600
2.4233054386
2.0993764878
2.6025813343
2.2628080327
2.5257068913
2.6360305194
2.9989835195
2.4749462858
2.3147422938
2.2572331685
1.8520285662
2.2812931087
2.2842272478
2.4233054386
2.5615033877
2.3065267045
2.3279459196
2.2328798144
2.6172520295
1.7769146066
2.1293047061
2.7551565647
2.1055381798
1.8159386559
2.0946818653
2.5262937191
2.4714253189
2.8842586828
2.2918560093
2.9226959043
2.6418987975
1.7232198621
2.4297605445
2.2645685161
2.2314127449
2.0835321370
3.0523848501
1.5999860221
1.6959323689
1.9127652445
1.9033759995
2.2748380028
2.3478980651
2.9394204969
2.5210122688
2.2091132882
2.3455507538
1.8203398645
2.7962345114
2.5386171031
1.6657107367
2.5195451993
1.6613095282
1.8675795031
2.2701433803
2.3558202405
2.3385088201
2.5119164378
2.0829453092
2.3555268266
1.9497353964
2.4109820546
2.2598738937
2.7178929988
2.9150671428
2.3194369163
2.7331505219
2.4412036867
2.7736416407
2.3719580052
2.4752396997
2.8704682293
1.5137223341
1.7079623390
1.9107113471
2.9834325826
2.6721204297
3.0215763902
2.7627853263
2.2839338339
2.7407792834
2.1342927425
2.4869762559
2.2757182445
2.4673175243
2.6762282244
2.3165027773
2.2372810230
2.8135459318
2.1876940731
3.0711633400
2.4488324483
2.2123408411
2.6465934200
2.4614492462
1.9291964231
2.2924428371
2.3605148630
2.4693714216
2.4171437466
2.8804443020
2.3822274919
2.1923886956
1.8361842153
2.3936706342
2.5374434475
1.7777948483
2.3059398767
1.9688073003
1.7912918879
2.7495817005
2.4473653787
2.1841731063
1.8936933407
2.1648077886
2.3255986083
2.4925511201
1.8599507416
1.7461061466
2.4825750473
2.4350419948
2.5394973448
2.0462685711
1.8708070561
2.1850533480
2.1193286333
1.9867055484
2.3798801807
2.0216218031
2.3235447110
1.6674712202
1.9156993835
2.0119391442
2.2111671855
2.1257837392
2.6647850821
2.2152749802
2.7085037539
2.5456590368
2.9124264176
2.2064725630
1.8801963010
2.9535043643
1.6410639687
2.0967357627
2.5174913020
1.8414656656
2.6680126350
2.0524302631
2.3223710554
2.4940181896
2.4077545016
2.2449097845
1.9890528597
2.8217615211
2.4758265275
2.2607541354
2.4089281572
2.6263478606
2.0729692364
2.8197076238
1.9262622841
2.5879106391
2.6867911249
2.1507239211
2.9329653910
2.9447019471
2.8901269609
2.7126115486
2.3569938961
2.6137310627
2.9097856925
2.3009518403
2.4552875542
2.1486700238
2.8449412196
2.1093525606
2.3332273698
2.1874006592
2.2513648904
2.2542990295
2.2393349203
2.8044501007
2.2410954038
1.9115915888
2.1090591467
1.7466929744
2.5700123909
2.6304556553
3.0873011048
1.6319681377
2.5556351096
2.0826518953
2.1964964903
1.7927589575
2.8692945736
2.7504619423
2.4227186108
2.8913006165
2.0709153391
1.7736870537
1.5938243301
2.1495502655
2.6800426051
2.4954852591
2.3487783068
2.7140786181
2.3966047732
2.2528319600
2.4473653787
2.4649702130
1.6909443325
2.0562446438
1.8772621620
1.5961716413
2.2355205396
2.5747070134
2.2243708112
2.6762282244
2.5679584936
1.9550168467
2.7850847830
2.6410185558
2.1947360068
2.8475819447
2.3716645913
2.3332273698
2.4605690045
2.8337914912
2.5506470732
2.7944740280
2.3206105719
2.0811848257
2.0794243423
2.6683060490
2.1284244644
1.9664599890
2.2915625954
1.9919869987
2.4878564976
2.4065808460
2.3493651346
2.2628080327
2.6122639932
2.6738809131
1.4644287981
1.6005728499
1.7980404077
2.3760657999
2.4869762559
2.3572873100
2.5594494903
1.8256213148
2.5773477385
2.1216759446
2.9162407984
2.4922577062
1.9796636147
2.4957786730
1.5606685589
2.1739036196
1.9054298968
2.3511256180
2.3429100287
2.5670782518
2.0286637368
2.3079937740
2.5306949277
2.1075920772
2.2675026552
2.2921494232
2.2560595129
2.1621670634
2.1119932857
2.3922035647
2.4995930538
2.2452031984
2.3338141976
1.8892921321
2.4350419948
2.3106344992
2.0084181774
2.6507012147
2.3077003601
1.9517892938
2.2293588476
2.7806835744
2.6025813343
2.2026581823
2.7924201306
1.9949211378
2.9097856925
2.8643065373
2.1903347983
2.2575265824
1.8622980529
2.5257068913
2.3831077336
2.8449412196
2.2322929866
1.7015072331
2.9241629738
2.6700665324
2.2246642251
2.6829767442
2.8478753586
2.6873779528
2.7011684063
2.4435509980
2.1888677287
2.5447787951
2.5673716658
1.8297291094
2.5051679180
1.7593097723
1.8074296527
2.6430724532
2.6929528169
2.3801735946
1.7648846365
2.7786296771
2.3065267045
2.2801194531
1.7331959348
2.7466475615
1.7076689251
2.4171437466
1.7267408289
1.8355973875
2.8557975340
1.9227413172
2.4758265275
1.6607227004
1.9843582372
2.7498751144
2.2680894830
2.1970833181
2.3924969786
2.6944198865
2.2883350424
2.4781738387
2.2980177013
2.4183174022
2.8496358420
2.3044728072
2.3701975218
2.2384546786
1.8620046390
2.3522992736
2.5532877983
2.2589936520
2.3886825978
2.5215990966
2.3971916010
2.0594721968
2.2507780626
2.6677192211
1.9561905023
2.1026040408
3.0025044864
2.1316520173
2.7287493133
2.6929528169
2.6055154734
2.6366173473
1.9735019227
1.5741655985
2.1331190869
2.5362697919
2.1765443447
2.1137537692
2.3006584264
2.1366400537
2.7043959592
2.5635572850
2.1422149179
2.2305325032
2.4725989745
2.8496358420
1.9843582372
2.5409644143
2.1571790270
2.5430183117
2.1366400537
2.5110361961
2.2094067021
2.4177305744
3.0999179027
2.1612868217
2.0993764878
2.2299456754
2.6979408533
1.4259915766
2.7384319722
2.4966589147
1.8986813770
2.4080479155
2.2340534701
2.5708926326
2.6823899164
3.0347800159
1.4793929073
2.4238922664
2.3854550449
2.6492341452
2.3546465849
1.8567231887
3.0224566319
1.6175908564
1.8957472380
2.2419756455
2.6788689495
2.3276525056
2.9514504669
2.3514190319
2.6562760789
2.5934855033
2.6776952939
2.4781738387
2.6917791613
2.1149274248
1.8813699567
2.0450949155
2.8807377159
2.4318144418
1.8831304401
2.1809455533
1.9013221022
2.1718497223
2.2205564304
2.4426707563
2.5122098517
2.2716104499
2.3696106940
2.0530170909
1.9914001709
3.2158163950
2.6107969236
1.7531480803
2.0313044619
2.2314127449
2.1994306293
3.2510260636
2.3247183666
2.3684370384
2.2707302081
2.0970291766
2.0342386010
2.4878564976
2.7800967466
2.1149274248
2.1087657328
1.9931606543
2.5107427822
2.4544073125
2.7093839956
1.9382922542
2.1706760667
3.0494507111
2.2252510529
2.5016469511
1.8910526155
3.0212829763
2.2592870659
3.0603070256
2.9118395898
2.4573414515
2.7933003723
2.1651012025
3.4493738632
2.0691548556
2.4494192761
1.7481600439
2.8270429714
1.7689924312
2.1058315937
2.0310110480
2.8018093756
1.8370644571
2.0151666972
1.8869448209
2.3285327474
1.9016155161
2.3335207837
1.8493878411
2.3546465849
2.2540056156
1.9594180553
1.6774472929
2.4153832631
1.5459978636
2.3655028993
2.4153832631
2.6624377709
2.2366941952
2.1762509308
2.9426480498
2.6237071354
2.6571563206
1.6043872307
2.2446163706
2.1533646463
2.4054071904
2.3408561314
2.6424856253
2.1407478484
2.8361388024
3.0503309528
2.9259234572
2.5350961362
2.3481914790
2.3250117805
2.8995162058
2.1941491790
2.1474963682
2.2378678508
1.6891838491
2.1627538912
2.8120788622
2.4247725081
3.0878879326
2.4632097296
2.4863894281
2.3302932308
3.0189356650
1.8282620399
2.4332815113
2.7281624855
1.9280227675
2.4502995178
1.9676336446
2.7131983764
2.5805752915
2.0087115913
2.3889760117
1.5055067448
2.8387795276
2.3980718428
2.4080479155
1.6668843924
2.6031681621
2.4705450772
2.9505702252
2.2748380028
2.2719038638
2.1935623512
1.8141781725
1.7868906794
2.8279232131
2.1304783617
2.2680894830
2.4731858024
2.7809769883
2.0544841604
2.0577117134
2.5967130562
2.2088198743
2.2413888177
2.5664914240
2.4699582494
2.5738267717
2.2378678508
2.8766299213
1.7152976866
2.3364549228
2.4338683391
1.6020399194
2.0227954587
2.8205878655
2.9784445462
2.6662521516
2.1140471831
2.5644375267
1.9459210157
1.9764360618
1.9148191418
3.3686850394
2.2548858573
2.1636341329
2.8117854483
2.6771084661
2.3162093634
2.7859650247
2.2006042849
2.2416822316
2.2446163706
3.0359536715
1.7384773851
2.1413346762
2.4145030214
2.3825209058
2.7407792834
2.8423004944
2.1521909907
2.2314127449
2.0547775743
2.6278149301
2.0207415614
2.4397366172
2.2542990295
2.0518434353
2.1011369713
3.0767382042
2.7874320942
2.1237298419
2.5130900934
2.5377368614
3.0852472075
2.8023962034
2.0999633156
2.8425939083
2.3396824757
2.0621129219
2.2205564304
2.4262395776
2.1768377587
2.2927362510
2.5538746261
2.9279773546
2.7633721541
3.0424087774
2.1800653116
2.4042335348
2.4863894281
2.0829453092
2.3446705121
2.1207957029
3.0476902277
2.3801735946
2.5468326924
2.2986045291
1.5724051151
2.0453883294
2.3279459196
2.1976701459
1.9861187206
2.4770001831
2.1874006592
2.0333583593
1.7554953916
2.2111671855
2.5635572850
2.1653946164
2.2947901483
1.9620587804
2.6052220595
2.2020713545
1.5336744796
1.8200464506
2.4423773424
2.6460065922
2.5826291888
2.4591019349
2.3825209058
2.3875089422
2.2493109931
2.7944740280
2.1307717756
2.1084723189
2.2739577611
1.9714480254
2.7416595251
2.8053303424
2.5955394006
2.5573955930
2.6606772874
2.3587543795
2.5286410303
3.0086661784
2.7278690716
2.7158391015
2.2739577611
1.9940408961
2.0876399316
1.7983338216
2.6574497345
2.0078313496
2.0509631936
1.4961174998
2.3810538363
2.8913006165
2.1841731063
2.3866287005
2.2085264604
2.4758265275
1.8496812550
2.3781196972
2.3258920222
2.0885201734
1.9714480254
2.1207957029
2.8722287127
2.2498978209
3.2005588720
1.7601900140
2.3481914790
2.7205337240
2.2014845266
2.3253051944
2.6207729964
1.9379988403
2.3804670085
1.8511483245
3.1002113166
2.1339993286
2.3558202405
1.9142323140
1.7352498321
2.0418673625
2.2270115363
2.5480063480
2.5254134774
2.3021254959
2.1777180004
2.4922577062
1.5859021547
2.2557660990
3.0890615882
2.1419215040
2.2217300861
2.5708926326
2.6040484038
2.0538973326
2.1551251297
2.2607541354
2.1671550998
2.2601673076
2.8384861137
2.8188273820
2.4623294879
2.5814555332
2.4687845938
2.4808145639
3.1019718000
2.0638734054
2.3000715986
2.3302932308
2.4893235671
2.0715021669
2.1416280901
2.3930838064
2.1586460966
1.7657648782
2.9881272050
2.0374661539
2.3461375816
1.9638192639
2.1897479705
1.8825436123
2.3379219923
1.8124176891
1.9177532808
2.4335749252
2.5849765000
3.0101332479
2.0914543124
2.6075693707
2.5676650797
2.4200778856
2.8211746933
1.9685138863
2.7768691937
2.5130900934
2.1257837392
2.2727841055
2.4646767991
1.4579736922
1.8426393212
2.3373351645
1.5788602210
2.6512880425
2.1642209608
2.7269888299
2.5975932979
2.0682746139
2.3238381249
2.3068201184
1.7528546664
2.1266639810
3.0485704694
1.8488010132
2.4347485808
2.3792933529
2.3916167369
1.6877167796
2.3405627175
2.4018862235
1.9899331014
2.4940181896
2.5840962583
2.0471488128
2.8798574742
2.3165027773
2.0759033755
2.2138079106
1.9828911677
2.7020486480
2.6322161387
2.1504305072
2.4852157724
3.0529716780
3.1949840078
2.4957786730
2.5075152292
2.4761199414
2.5289344442
2.0380529817
1.8306093512
2.5339224806
2.2927362510
2.6289885857
1.8661124336
1.9620587804
2.9716960264
2.5923118476
2.4725989745
2.7052762009
2.0709153391
2.7137852042
2.3872155283
2.7316834524
2.1067118354
2.2760116584
2.4664372825
2.0239691143
2.2355205396
2.2507780626
3.2002654581
2.7225876213
2.0591787829
1.9104179332
2.0166337667
2.5051679180
2.1430951596
2.8117854483
1.8722741256
2.5286410303
2.4740660441
2.6474736617
2.6254676189
2.2299456754
2.7522224257
2.5835094305
2.1721431362
2.3478980651
2.4599821766
2.3024189098
1.7340761765
2.8748694378
2.0016696576
2.4655570408
2.3707843496
2.3719580052
3.2117086004
2.4359222365
2.6457131783
1.9221544894
2.5659045962
2.2754248306
2.9934086553
2.4098083990
2.5764674968
3.1882354880
1.8455734603
2.8440609778
2.1501370933
2.1545383019
2.1967899042
2.5045810902
2.3561136544
2.1163944943
2.6665455655
2.2807062809
3.1917564549
2.8728155405
1.7111898920
2.3147422938
2.3581675517
2.7481146310
2.7707075017
1.5905967771
3.2480919246
1.9453341879
1.8086033083
2.6151981322
2.8707616432
2.7528092535
2.2079396325
2.4297605445
2.2211432583
2.6815096747
2.4180239883
2.8387795276
2.3481914790
2.5380302753
2.2809996948
1.7912918879
2.0310110480
2.1668616859
2.1551251297
2.3197303302
1.6921179882
2.1149274248
2.6022879204
2.4159700909
2.8989293780
2.3816406641
2.2786523836
1.8907592016
2.4341617530
2.3006584264
2.7079169261
1.9638192639
1.9608851248
2.4332815113
2.1466161265
1.9459210157
2.4285868888
2.6920725752
1.8743280230
2.4385629616
2.0565380577
2.6178388574
2.2011911127
2.0301308063
2.3701975218
2.2768919001
2.5221859244
2.4708384911
2.2997781847
2.3499519624
2.6457131783
2.0624063358
2.4368024782
2.1507239211
2.5714794604
2.3038859794
1.9987355185
2.6997013368
2.5374434475
1.8461602881
1.9811306842
1.9937474821
2.1771311726
2.6143178905
2.6213598242
2.4837487029
2.5201320271
2.1571790270
2.6284017579
2.7627853263
2.1997240432
1.9526695355
2.1577658548
1.8399985961
2.3625687603
2.7378451444
2.6234137215
1.4967043277
2.0289571507
2.4547007264
2.0010828298
2.4632097296
2.5899645364
3.1794330709
1.7786750900
2.2006042849
1.6439981078
2.6779887078
2.7340307636
2.6744677410
2.8915940304
2.1648077886
1.7458127327
2.2158618080
2.4517665873
2.3836945614
2.3209039858
2.2862811451
1.8611243972
2.6518748703
2.4758265275
2.7325636941
2.3895628395
1.7367169017
2.4470719648
2.4728923885
2.5213056827
3.1706306537
2.4370958921
2.7228810352
2.6081561985
2.9499833974
2.7325636941
2.4191976439
2.1518975768
2.1386939510
2.4391497894
2.0662207166
2.6190125130
2.6782821217
2.7043959592
2.5600363181
2.1788916560
2.5556351096
2.6468868339
1.8382381127
2.1404544345
2.0324781176
2.5248266496
2.2789457975
2.5544614539
2.2138079106
2.5069284014
2.5955394006
2.5741201856
2.9036240005
2.0706219252
2.8434741500
3.0796723433
2.1962030764
2.4502995178
2.2038318379
2.6090364402
2.2199696026
2.0676877861
2.6671323933
1.8165254837
2.7287493133
2.6639048404
2.1609934078
2.5497668315
1.5151894037
1.5565607642
1.5859021547
2.8839652689
3.0749777208
2.9285641824
2.4071676738
2.4526468290
2.4083413294
1.7185252396
2.4206647134
2.3546465849
2.6574497345
2.5632638711
2.7120247207
2.3229578832
2.2026581823
2.9464624306
2.3904430812
2.5453656229
1.7566690472
2.7865518525
1.9623521943
2.9655343344
2.3355746811
2.3907364951
2.4362156504
2.0230888726
2.1885743148
2.1072986632
2.4822816334
2.3936706342
2.5544614539
2.6090364402
2.7231744491
1.6507466276
1.9975618629
2.2375744369
2.5262937191
2.5805752915
1.9729150949
2.3314668864
1.7777948483
1.8482141854
2.8569711896
2.5661980101
2.2073528047
2.7428331807
2.4036467070
2.4717187328
2.5236529940
2.1046579381
1.8241542453
2.3018320820
2.5638506989
1.6953455411
2.4221317829
2.8959952390
1.9585378136
2.8182405542
2.7178929988
2.7563302204
2.4711319050
2.1448556430
2.5899645364
2.6715336019
2.0054840383
2.2865745590
2.2930296649
2.2208498444
1.9787833730
2.2437361289
2.4728923885
2.3012452542
2.2205564304
2.0635799915
2.4018862235
1.8590704999
2.4124491241
2.0503763657
2.6509946286
2.5902579503
2.6072759568
2.2563529268
2.2252510529
2.4834552890
2.6122639932
2.7334439358
2.2645685161
2.5500602454
2.2868679729
2.9802050296
2.2434427150
1.6437046939
2.4547007264
1.8669926753
2.5004732955
2.2751314167
2.4215449551
2.6999947507
2.1295981200
1.8558429470
2.0858794482
2.2578199963
2.1653946164
2.8833784411
3.0142410425
2.5265871330
2.8475819447
2.4332815113
2.5688387353
2.4180239883
2.1554185436
2.3376285784
2.4194910578
2.3170896051
2.6181322713
2.3795867668
2.6524616981
2.6747611549
2.0996699017
2.4987128121
2.2827601782
2.0046037966
2.4235988525
1.8845975096
2.0081247635
2.1756641030
3.0650016480
2.0803045840
2.5550482818
2.5893777086
3.1242712568
2.5110361961
2.5327488250
2.5676650797
2.3106344992
2.6826833303
2.1366400537
2.3681436245
2.8874862357
2.7428331807
2.2821733504
2.6612641152
3.0324327046
2.4133293658
2.4758265275
1.5137223341
2.4758265275
2.8927676860
1.9570707441
2.5034074345
2.8886598914
2.5559285235
2.3895628395
2.2504846487
1.9602982970
2.5177847159
2.4588085210
2.4960720869
2.0166337667
2.6374975890
1.8655256058
2.2026581823
1.7463995605
2.3575807239
2.3109279131
2.0536039187
2.5978867118
2.8411268388
2.6460065922
2.2493109931
2.6198927547
2.5306949277
1.8933999268
2.5697189770
2.7419529390
2.5568087652
2.5485931759
2.0600590246
2.7328571080
1.7238066899
2.3508322041
2.2293588476
2.1442688152
2.5312817555
2.1642209608
2.0063642800
1.9969750351
2.4834552890
2.4740660441
2.9162407984
2.1765443447
1.9321305622
1.9221544894
2.5773477385
2.4262395776
2.7988752365
2.6410185558
2.4373893060
2.5412578282
2.6492341452
2.3848682171
2.0882267594
2.3572873100
2.0139930416
2.3167961912
3.0089595923
2.9162407984
2.1876940731
2.3743053165
2.4018862235
2.3003650125
2.5257068913
2.1251969114
2.6169586156
2.8185339681
2.1530712324
2.1577658548
2.4391497894
2.1463227126
2.6377910029
2.4555809681
2.5236529940
2.3693172801
2.1935623512
2.2686763108
2.5069284014
2.4658504547
2.3247183666
2.5301080999
1.9849450650
2.6929528169
2.2942033205
2.2713170360
2.8596119148
2.2378678508
2.3015386681
2.1956162486
2.2469636819
2.7087971678
2.0703285113
2.6157849600
2.8223483489
2.7366714887
2.5524075566
2.4632097296
2.2877482146
2.4353354087
1.8831304401
2.7261085882
2.6867911249
2.6507012147
2.2777721419
1.9177532808
2.2011911127
2.6304556553
2.7962345114
2.1398676067
2.2058857352
2.9913547580
2.3214908136
2.1847599341
2.7616116706
2.1521909907
2.3297064030
1.8244476592
2.8138393457
2.7727613990
2.1518975768
2.1686221693
2.1040711103
2.4690780077
2.3625687603
2.6066891290
1.6918245743
2.6812162608
2.4115688824
2.7293361411
2.0961489349
2.5600363181
2.9822589269
2.0483224684
1.4374347189
2.8954084112
2.2742511750
2.8100249649
2.1926821095
2.3220776415
2.7002881646
2.5814555332
2.6019945065
2.6204795825
2.8282166270
2.3115147409
2.0359990844
2.2340534701
2.6427790392
2.3332273698
2.4890301532
2.6953001282
1.8203398645
2.7158391015
2.2898021119
2.0638734054
1.6005728499
2.1926821095
1.9723282671
2.7871386803
1.7915853018
2.5849765000
2.8889533053
1.9394659098
2.0867596899
2.1448556430
2.1228496002
2.2657421718
3.1198700482
2.8047435146
2.3581675517
2.7211205518
2.5650243545
2.8842586828
2.2381612647
2.7466475615
2.0764902033
3.1166424953
2.3402693035
1.9010286883
2.7281624855
2.7220007935
1.9914001709
3.2140559116
2.5418446560
3.1770857596
1.7487468718
2.8511029116
2.5785213941
2.8393663554
2.6835635720
1.9779031313
2.4746528719
2.6360305194
2.4394432033
2.7674799487
3.1767923457
2.9344324605
2.7011684063
1.7191120674
2.7167193432
1.9561905023
2.8018093756
2.2146881524
1.9253820424
2.1510173350
2.0773704450
3.0338997742
2.1181549777
2.1574724409
2.1395741928
2.3126883965
2.3194369163
2.4277066471
2.0430410181
2.2076462186
2.3385088201
2.7519290118
2.6498209730
2.6826833303
2.1072986632
2.2554726851
2.7968213392
1.8502680828
1.9585378136
2.8361388024
2.1342927425
2.2161552219
2.3552334127
1.6240459623
2.8314441799
3.0808459989
2.8927676860
2.8513963255
2.4271198193
1.8796094732
2.6721204297
2.0404002930
2.0621129219
2.7387253861
2.2625146188
2.4098083990
2.0626997497
1.6002794360
2.7827374718
1.9277293536
1.8828370262
2.1686221693
2.2179157053
2.6207729964
2.9338456327
1.4459437222
2.1853467619
2.1560053714
3.0154146982
1.9306634926
2.7070366844
2.1307717756
2.3966047732
2.0665141305
1.6545610084
2.3317603003
2.2006042849
2.3255986083
1.7059084417
2.5421380700
1.8206332784
2.2208498444
2.1269573949
2.3408561314
2.3461375816
2.4752396997
2.5230661661
2.5054613319
2.5441919673
2.9071449673
2.9106659342
2.5092757126
2.8047435146
2.9320851492
1.6912377464
2.0145798694
2.5884974669
1.9356515290
2.8886598914
2.1278376366
2.0175140084
2.9423546359
2.2205564304
2.6920725752
2.1448556430
2.7795099188
2.1648077886
2.4819882195
2.0054840383
2.5814555332
2.5521141427
1.8807831289
2.0943884514
1.7346630043
1.9054298968
2.6671323933
2.6738809131
1.9245018006
2.7208271379
2.2839338339
2.1724365501
2.1093525606
2.2566463407
1.7953996826
2.2883350424
1.9796636147
2.2170354636
2.9441151193
1.9060167247
2.3297064030
2.6014076787
2.4106886407
2.3734250748
2.1565921992
2.7041025453
2.4591019349
2.2851074895
2.4884433254
2.6489407312
3.1110676311
2.3209039858
2.3085806018
1.9755558201
2.6732940853
2.5406710004
2.3919101508
2.1075920772
2.7472343893
2.3493651346
2.3690238662
2.1231430141
2.5280542025
2.2601673076
2.8106117927
2.5371500336
2.2261312946
1.9999091741
2.3701975218
1.9019089300
2.4294671306
3.0427021913
3.0749777208
2.4614492462
2.6908989196
2.2657421718
2.0509631936
2.7014618202
2.6366173473
3.0300853934
2.1316520173
2.4048203626
2.8417136666
2.6348568638
2.2393349203
2.5750004273
2.0286637368
2.3432034426
2.1753706891
2.4852157724
2.3135686382
2.8423004944
2.2669158274
2.5720662882
2.5494734176
2.5870303974
2.2261312946
2.7566236343
2.8954084112
3.2237385705
2.8722287127
2.9532109504
2.4740660441
2.4620360740
1.8317830068
2.2625146188
2.1598197522
2.5764674968
3.1753252762
2.1249034975
2.7272822438
2.4808145639
2.6160783739
2.3822274919
2.0700350974
2.1219693585
2.5576890069
1.9761426479
2.2308259171
2.4778804248
1.8353039736
2.2657421718
2.7413661112
2.3933772203
1.9409329793
1.7821960569
1.8423459073
2.1689155832
2.7020486480
2.3528861014
2.4186108161
1.7921721296
2.1037776964
2.9919415858
2.5001798816
2.9963427944
2.5887908808
2.2067659769
1.9591246414
2.4855091864
2.8188273820
2.8179471403
2.2498978209
2.4573414515
2.4948984313
2.4731858024
2.0459751572
2.5975932979
1.9121784167
1.6797946042
1.9817175121
2.0882267594
2.0104720747
2.2540056156
2.1081789050
2.6195993408
2.0729692364
2.5380302753
2.3255986083
2.7096774095
2.7334439358
2.4435509980
2.2534187878
2.3839879753
2.1234364280
2.4206647134
1.9972684490
1.7279144845
3.1054927669
2.4796409083
2.0852926204
2.4593953488
1.4955306720
1.9233281450
2.0269032534
2.8329112495
2.3176764329
1.9195137643
3.1398221937
2.3332273698
2.5430183117
2.3461375816
2.5620902155
2.8502226698
2.7842045413
2.4728923885
2.2111671855
2.6184256852
2.1099393884
2.1155142526
2.5879106391
2.0380529817
2.0741428920
2.6257610328
2.6803360190
2.1483766099
1.9905199292
1.8218069340
1.6651239089
2.1639275468
2.0128193859
2.6017010926
2.2675026552
2.5509404871
2.1111130440
2.2490175792
1.9893462736
2.5397907587
2.2927362510
2.4576348654
2.3487783068
2.7821506440
2.3464309955
1.7951062687
2.5908447781
2.8285100409
2.5453656229
2.6157849600
1.7877709211
1.7883577489
1.6055608863
2.7865518525
2.0694482695
2.6991145089
2.7616116706
2.1689155832
2.3481914790
2.6812162608
1.6777407068
2.0697416835
2.9042108283
2.7507553562
2.1395741928
1.8628848807
1.9406395654
1.6161237869
1.8130045169
2.8346717329
2.9417678081
2.9919415858
1.9591246414
2.2554726851
2.5873238113
2.5817489471
3.0385943966
2.1633407190
2.6985276811
2.5750004273
1.9517892938
2.4640899713
3.0186422511
2.1028974547
2.3575807239
2.3320537142
1.8549627052
1.9726216810
2.0585919551
2.3238381249
2.2032450101
2.9156539706
2.4948984313
2.3373351645
2.5814555332
2.5641441128
2.4969523286
2.6562760789
2.2531253739
2.4846289446
2.8560909479
2.6565694928
2.0750231337
2.3417363731
2.7516355979
2.8493424281
2.6107969236
2.2252510529
2.8117854483
2.6894318501
2.4417905146
2.1295981200
2.3393890618
2.9376600134
2.7874320942
2.1639275468
2.5744135995
1.9159927974
2.5116230239
2.0339451871
1.6401837270
2.6134376488
2.2950835622
2.1838796924
2.8481687725
1.7810224013
2.3235447110
2.6022879204
2.0310110480
2.5559285235
2.3748921443
2.5805752915
2.3822274919
2.5521141427
2.3901496673
2.7551565647
2.5752938412
2.7381385583
2.6319227248
2.1777180004
2.3123949826
2.3452573399
2.1879874870
2.2410954038
1.6070279558
2.8833784411
2.2416822316
2.2302390893
2.6897252640
2.5239464079
2.1416280901
2.2613409632
1.6486927303
2.2601673076
2.8343783190
2.5650243545
2.6953001282
2.5389105170
2.4397366172
2.5714794604
2.1413346762
2.6128508210
2.7237612769
2.3247183666
2.3663831411
1.8009745468
2.5327488250
1.7995074773
2.6445395227
2.0588853690
1.8746214369
2.7407792834
2.5870303974
1.9919869987
2.7589709455
2.1472029543
1.7340761765
2.6835635720
2.3587543795
2.5204254410
2.7448870781
2.1251969114
2.2798260392
2.8977557224
2.0618195080
2.3338141976
2.5949525728
2.9989835195
2.9426480498
2.1249034975
1.6448783495
2.2199696026
2.6404317280
3.2037864250
2.6178388574
2.7595577733
2.3041793933
2.5661980101
2.3440836843
2.6832701581
2.7158391015
2.0943884514
2.1967899042
2.2434427150
2.3027123238
2.4535270707
2.1953228346
2.0304242202
2.6527551120
2.4699582494
2.2983111152
1.6888904352
2.9948757248
2.2592870659
2.5122098517
2.7457673198
2.7272822438
2.4649702130
2.4385629616
2.7041025453
2.3590477934
1.8241542453
2.4811079778
2.3047662211
1.7472798022
2.5717728743
2.4497126900
2.5644375267
2.4617426601
2.4142096075
2.4502995178
2.0072445218
2.8264561436
2.2143947384
2.4420839285
2.0401068791
2.0847057926
2.6727072575
2.3027123238
2.6571563206
1.8922262711
2.4931379479
2.0723824086
2.5497668315
1.9776097174
1.9544300189
2.2143947384
2.2193827748
2.6944198865
2.1243166697
2.2551792712
2.4030598791
2.3696106940
2.3238381249
2.1753706891
2.2760116584
2.4696648355
2.4441378258
2.3100476714
2.8194142099
2.6201861686
2.4987128121
2.4620360740
2.5048745041
2.3520058597
2.3564070683
2.3311734725
2.2226103278
1.8432261491
2.2070593908
1.6618963560
2.1114064579
2.7099708234
2.6143178905
1.8945735824
2.7052762009
2.2070593908
1.8681663310
2.2193827748
2.1199154611
2.9006898614
2.8302705243
2.5465392785
2.2537122017
2.2011911127
2.9080252091
2.3361615089
2.5688387353
2.7070366844
2.1172747360
1.9189269365
1.9509090521
2.3713711774
2.2757182445
2.1172747360
3.1142951840
2.2836404199
2.1351729842
2.5920184337
2.0280769090
2.0189810779
2.4699582494
2.8290968687
2.7272822438
2.2877482146
2.4391497894
2.0503763657
3.2114151865
2.4391497894
2.1199154611
2.7894859916
2.1630473051
2.9006898614
1.6167106147
2.7231744491
1.9063101386
2.2719038638
2.1891611426
2.4224251969
2.4599821766
2.0662207166
2.7026354758
1.9940408961
2.6049286455
2.6706533602
2.5353895501
1.9368251846
2.3323471281
2.6941264726
2.4561677959
1.8631782946
2.3567004822
2.8059171702
1.6061477141
2.0357056705
2.4124491241
2.3675567967
2.8038632729
2.2481373375
2.4878564976
2.3170896051
1.8658190197
1.9368251846
2.7354978331
2.1624604773
2.0530170909
2.8525699811
2.2786523836
2.2105803577
2.0286637368
1.8966274797
2.6187190991
2.4147964353
2.4834552890
2.2050054935
2.1234364280
2.4778804248
2.8334980773
2.1199154611
2.5741201856
1.9823043399
2.8329112495
2.1683287554
2.2355205396
2.6559826650
2.7572104621
2.2956703900
2.4479522066
1.7845433681
1.9799570286
2.5465392785
3.1063730086
2.0365859122
2.6844438137
2.6421922114
1.6187645120
2.8959952390
2.7657194653
2.4954852591
2.1530712324
2.0471488128
2.2014845266
1.9852384789
2.6756413966
2.1474963682
2.3458441677
1.9814240982
2.1433885735
2.2677960691
2.5189583715
2.7252283465
2.7111444790
3.2539602026
2.8220549350
2.3443770982
2.6119705793
2.8716418849
2.1601131661
1.7370103156
2.5409644143
2.5697189770
2.0081247635
2.7586775316
2.2959638039
2.6398449002
2.0169271806
2.2642751022
2.4300539584
2.7041025453
2.5726531160
2.3115147409
2.4670241104
2.5271739608
2.8120788622
1.5859021547
2.3329339559
2.3238381249
2.4655570408
2.8681209180
1.7499205274
1.7898248184
2.3405627175
2.5110361961
2.4705450772
2.5245332357
2.6785755356
2.0383463957
1.9133520723
2.9963427944
2.8264561436
2.9221090765
3.0160015260
2.0738494781
2.5594494903
2.1401610206
2.2317061588
2.3971916010
2.4887367393
2.7727613990
1.5979321248
2.0195679058
2.6900186779
1.9958013795
2.2446163706
2.7331505219
3.3302478179
2.4018862235
2.6281083440
1.8159386559
2.4981259843
2.4098083990
2.7642523958
2.4940181896
2.4767067692
2.1445622291
2.3722514192
2.8927676860
2.9121330037
1.9934540682
2.5928986755
2.4919642923
2.1627538912
2.2278917781
1.9673402307
2.4816948056
1.9740887505
2.4640899713
3.2193373619
2.8892467192
2.2484307514
2.5339224806
2.0181008362
1.7384773851
1.9990289324
2.3214908136
2.3678502106
2.4335749252
2.2645685161
2.5424314839
2.1043645242
2.9262168711
2.5840962583
2.4353354087
2.2425624733
2.1636341329
1.8485075993
2.7187732406
2.1551251297
2.2293588476
1.9388790820
2.3895628395
2.4194910578
2.4106886407
2.3408561314
2.5747070134
2.5148505768
2.8516897394
2.5051679180
2.7580907038
2.1527778185
2.3191435024
1.6715790148
2.5691321492
2.0037235549
2.6216532381
2.0935082097
2.2877482146
2.1962030764
2.6627311848
3.1233910151
2.4300539584
2.5142637490
1.9309569065
1.7214593786
2.8472885308
1.7211659647
2.1472029543
2.6008208509
2.7827374718
2.4617426601
2.3434968565
2.1395741928
2.9259234572
2.4291737167
2.4450180675
2.0585919551
2.6154915461
2.2827601782
2.9734565098
2.2842272478
2.1428017457
2.5169044742
2.2633948605
2.1392807789
2.4881499115
1.9996157602
2.7428331807
2.3203171580
2.5576890069
1.9579509858
3.0336063603
2.6031681621
2.9925284136
1.9855318928
2.3053530489
2.1169813221
1.8778489898
2.6888450223
2.3267722639
2.4676109382
2.5700123909
2.9109593481
2.3531795154
2.5142637490
2.4042335348
2.3135686382
2.4943116035
2.6656653238
2.2381612647
2.4755331136
2.2322929866
3.0922891412
1.7924655436
2.5779345663
2.2601673076
2.0401068791
1.7390642129
2.2102869438
2.2322929866
2.7064498566
2.6075693707
2.6641982543
2.2592870659
1.8534956357
2.0559512299
1.9946277239
2.4643833852
1.8658190197
2.9438217054
2.7278690716
2.3355746811
1.8174057254
2.6565694928
2.2155683941
2.2672092413
2.9649475066
2.8305639382
2.6504078008
2.5438985534
2.3408561314
1.9514958799
1.9324239761
2.5981801257
3.0154146982
2.1659814442
1.9426934627
2.3916167369
2.6240005493
2.9526241226
2.3484848929
2.7167193432
2.5802818776
3.1084269059
2.8023962034
3.0468099860
2.7043959592
2.5034074345
2.1874006592
2.2126342550
2.2437361289
2.1551251297
2.4834552890
3.1163490814
2.3672633828
2.6735874992
1.6736329122
2.4526468290
2.5814555332
1.8502680828
2.9520372948
2.6809228469
2.4690780077
2.2798260392
2.3487783068
2.2099935299
2.5946591589
2.2000174571
2.5145571629
2.5348027223
2.4444312397
2.3963113593
2.3443770982
2.1366400537
2.4194910578
2.5902579503
2.1046579381
1.7989206495
2.3302932308
2.6958869560
2.4661438686
2.2792392114
2.4896169810
2.6659587377
2.4840421168
1.8655256058
2.2498978209
2.4321078557
1.9060167247
2.5136769212
2.0577117134
2.3062332906
2.0905740707
3.0638279924
1.9972684490
2.4831618751
2.4767067692
2.1985503876
2.7941806141
2.1430951596
2.3966047732
2.0119391442
1.8074296527
2.3481914790
2.1959096625
1.9685138863
2.8288034548
1.8831304401
1.8156452420
1.7995074773
2.4341617530
2.1348795703
2.9059713117
2.4561677959
2.8637197095
2.2537122017
1.5471715193
2.9138934872
2.5758806690
2.5125032656
2.4224251969
1.7434654215
2.3933772203
2.4717187328
2.3291195752
2.5893777086
1.8399985961
2.0847057926
2.2146881524
2.1715563084
2.3781196972
1.7810224013
2.8082644815
2.2968440457
2.6310424831
3.1483311970
2.7131983764
2.4065808460
2.5952459867
1.6624831838
2.0019630715
2.6771084661
2.6460065922
1.8508549106
2.4811079778
2.2498978209
1.9136454862
2.6386712446
2.2977242874
2.3077003601
2.4115688824
2.3484848929
1.9338910456
1.8303159373
2.5260003052
2.4186108161
2.6935396448
2.3071135323
2.7531026674
2.0392266374
2.2695565525
1.9394659098
2.0063642800
2.4723055606
2.2933230788
2.5538746261
2.6131442349
1.9664599890
2.5975932979
2.6113837514
1.7235132760
2.6791623634
2.3795867668
1.6833155710
2.4238922664
2.5130900934
2.6366173473
2.5122098517
2.0345320149
1.7860104376
2.0324781176
2.8214681072
2.4482456205
2.5494734176
2.2475505097
2.3423232009
2.2006042849
2.9100791064
1.6574951474
2.9854864799
2.5664914240
2.4816948056
2.6867911249
2.8282166270
2.7551565647
2.5213056827
2.1037776964
2.1548317158
2.3575807239
1.9843582372
2.0280769090
2.7111444790
3.0717501679
2.2991913569
1.5706446316
2.4191976439
2.6014076787
2.3508322041
3.0086661784
2.0019630715
2.9552648477
2.2422690594
2.1463227126
2.0239691143
2.5617968016
2.3279459196
2.0530170909
2.4881499115
2.5142637490
1.9236215589
2.8355519746
2.6442461088
1.9271425258
2.3549399988
2.3710777635
2.2170354636
2.4426707563
1.9409329793
2.5717728743
2.4048203626
1.6146567173
2.5383236892
1.9118850027
2.2554726851
2.5879106391
2.5063415736
2.5597429042
3.0124805591
2.8076776537
2.1571790270
2.0580051273
2.2983111152
2.7398990417
1.9218610755
2.6906055057
2.3924969786
3.1404090215
2.7129049625
2.0310110480
2.4456048953
2.3194369163
2.9188815235
2.1903347983
1.7622439114
2.1210891168
2.4168503327
1.7293815540
1.9558970884
2.6451263505
2.4048203626
3.0174685955
1.9896396875
1.7795553317
1.5688841482
3.0696962705
1.9353581151
2.5923118476
2.5157308185
2.2410954038
2.3388022340
1.9752624062
2.0550709882
2.8792706464
1.9676336446
2.2501912348
2.3508322041
2.2991913569
2.0043103827
2.5133835073
2.5527009705
1.9840648233
2.6480604895
2.3390956479
1.5988123665
2.8898335470
2.5207188549
2.6853240554
2.5201320271
2.4127425380
2.6289885857
2.4429641702
2.3581675517
2.0271966673
2.0767836172
2.2029515962
2.0588853690
2.4614492462
2.5063415736
2.4822816334
1.6231657206
2.2616343771
2.2296522615
2.6163717878
2.6659587377
2.8217615211
2.3983652567
1.8015613746
2.1982569737
1.8860645791
1.9239149728
2.1281310505
2.5491800037
2.8246956601
1.6712856009
2.2968440457
3.0192290789
2.2683828969
1.6677646341
2.3302932308
2.5700123909
2.1703826527
3.1445168162
2.2572331685
1.4007579808
2.0145798694
2.0222086309
2.3493651346
2.4931379479
2.6624377709
2.0480290545
2.8097315510
2.0943884514
2.6553958371
2.5227727522
2.9535043643
2.5876172252
2.5380302753
2.4954852591
2.2419756455
2.6653719099
2.6418987975
2.2405085760
1.8024416163
2.7375517305
2.2968440457
2.4379761338
1.9737953366
1.9691007142
1.9004418605
2.3015386681
1.8050823415
2.4981259843
2.4717187328
2.9626001953
2.3869221144
2.4420839285
2.8578514314
3.0083727645
2.7228810352
2.6175454434
2.7175995849
2.3839879753
2.5107427822
2.1944425929
2.3998323262
2.7604380150
2.2460834402
1.9309569065
2.0574182995
2.1900413844
2.9194683513
3.0978640054
3.0453429164
2.8464082891
2.9972230361
2.5890842947
2.7877255081
2.3986586706
2.5870303974
2.1442688152
2.8194142099
2.4259461637
2.3235447110
2.7401924556
1.6463454190
1.7103096502
2.5345093084
2.3091674297
2.7093839956
2.0412805347
1.8068428249
2.4324012696
2.1169813221
3.1753252762
1.9491485686
2.3751855582
2.2525385461
2.3743053165
2.7046893731
3.0415285357
1.8828370262
2.2440295428
2.2281851920
2.1659814442
2.3575807239
1.9286095953
2.2587002381
2.4934313618
1.6982796802
1.9931606543
2.4461917231
2.7143720320
2.2592870659
2.5705992187
2.4793474944
1.9849450650
2.3129818104
1.9849450650
2.4368024782
2.4318144418
2.2114605994
2.1706760667
2.0110589025
2.7545697369
2.2516583043
2.6448329366
2.8091447232
2.8114920344
2.1727299640
2.4714253189
2.5286410303
3.1049059391
2.2364007813
2.7175995849
2.6442461088
2.2551792712
2.4761199414
2.5004732955
2.1043645242
1.7035611304
2.0712087530
2.5975932979
2.2047120796
2.0186876640
2.2930296649
2.5632638711
2.2771853140
2.7607314289
1.8168188976
2.1721431362
1.9658731612
2.6512880425
2.5116230239
2.3860418727
2.6483539034
2.5638506989
2.4074610877
2.5717728743
1.8851843374
2.2654487579
2.6342700360
1.5732853568
2.9276839407
2.3957245315
2.7416595251
2.1598197522
2.2176222914
2.2719038638
2.8672406763
2.5917250198
2.4394432033
2.0530170909
1.9432802905
2.5242398218
2.5923118476
2.1692089971
2.1818257950
2.5629704572
2.0392266374
2.1560053714
2.8293902826
2.6451263505
2.2120474272
2.0098852469
2.2278917781
1.8725675395
2.5612099738
2.5823357749
2.2469636819
2.4194910578
1.9946277239
1.8681663310
2.8314441799
2.5981801257
1.9162862113
2.1554185436
2.2927362510
2.7935937862
1.9418132210
2.3379219923
2.1885743148
2.6281083440
3.2900501129
1.9509090521
2.8021027895
1.8884118904
2.7756955381
2.7710009156
2.6454197644
2.8839652689
2.6002340231
2.3103410853
2.0515500214
1.6278603430
2.7058630287
2.2138079106
1.9984421046
2.5318685833
2.9473426723
1.8244476592
2.7087971678
2.7234678630
2.1659814442
2.9893008606
2.2915625954
2.0527236770
2.2757182445
2.2202630165
2.3989520845
1.7918787157
2.4740660441
1.9312503205
2.8816179576
2.4112754685
2.0266098395
2.4922577062
3.0391812244
2.5480063480
2.3924969786
2.1105262162
2.2223169139
2.3452573399
2.3041793933
2.0591787829
2.2463768541
1.9415198071
2.5485931759
2.1114064579
2.0911608985
2.5298146860
2.2014845266
2.3751855582
1.9723282671
2.4391497894
3.1178161509
1.9688073003
2.4106886407
1.9435737044
1.8887053043
2.4186108161
2.3590477934
2.8508094977
2.1342927425
2.6618509431
2.1466161265
2.4233054386
2.0896938290
1.8816633706
2.7554499786
2.3854550449
2.6920725752
2.3097542575
2.3525926875
2.7962345114
2.4438444119
1.8564297748
1.9761426479
2.6380844168
2.2369876091
2.4632097296
2.1489634377
2.0007894159
2.6002340231
1.8578968443
2.1257837392
2.2390415064
2.2155683941
2.4541138986
2.5207188549
2.6665455655
2.7768691937
2.4435509980
2.6325095526
2.3382154062
2.1234364280
1.9262622841
1.8972143075
2.2408019899
2.2052989074
2.0820650674
2.5931920894
2.4567546237
1.9881726180
2.2152749802
2.3038859794
2.7363780748
2.2909757676
3.0658818898
2.1747838613
2.8566777757
2.6562760789
2.3619819325
2.4514731734
1.9424000488
2.5069284014
2.3476046512
2.2434427150
2.1354663981
2.6850306415
2.5931920894
2.0582985412
1.7824894708
2.5999406092
2.5814555332
2.2587002381
2.4059940182
2.6765216383
1.7654714643
2.3493651346
2.2616343771
1.9318371483
2.2132210828
2.5503536593
2.0984962461
2.3050596350
2.0480290545
2.4661438686
2.5923118476
1.3605602759
2.4907906366
2.5615033877
1.8731543673
2.7974081670
2.2484307514
2.3050596350
2.5808687054
2.1222627724
1.9925738265
2.6357371055
1.8247410731
2.6025813343
2.4617426601
2.5127966795
2.1712628945
2.8616658121
2.2795326253
1.9036694134
2.4391497894
2.0632865775
2.4937247757
3.0823130684
2.7824440579
2.3358680950
2.6301622413
2.1656880303
2.6659587377
2.5811621193
2.7002881646
2.1210891168
2.4329880974
2.2898021119
2.0359990844
1.9705677837
2.1175681499
2.6944198865
2.4467785509
2.7754021242
2.7704140878
2.1562987853
2.4661438686
2.8933545138
2.6688928768
3.0274446683
2.4341617530
2.4679043521
2.7833242996
1.9620587804
2.2143947384
1.9215676616
2.0882267594
2.3684370384
2.6295754135
1.6351956907
1.8044955136
1.3852070439
2.0609392663
3.2078942196
2.7017552341
1.8194596228
2.8807377159
2.3572873100
2.3505387902
2.4294671306
2.2895086980
1.9940408961
1.9743821644
1.8649387780
2.1445622291
2.3983652567
2.1636341329
2.8317375938
2.0509631936
2.7319768663
2.3264788500
2.8728155405
2.1560053714
2.7736416407
2.3951377037
2.9039174144
2.4414971007
2.5644375267
2.7211205518
2.6037549899
2.0260230117
2.6609707013
2.4822816334
1.9960947934
2.4596887627
2.4593953488
2.0935082097
1.9676336446
2.2094067021
1.7358366600
2.1639275468
2.0225020448
2.1565921992
2.2510714765
2.7856716108
2.3179698468
2.9581989868
3.2008522859
2.3922035647
2.7545697369
2.8076776537
2.8241088323
2.2428558872
2.3825209058
2.8217615211
2.9053844839
2.4617426601
1.9717414393
2.8267495575
2.4253593359
2.1645143747
1.6777407068
2.4523534151
2.4532336568
2.4990062260
1.8813699567
2.6107969236
2.2537122017
2.6360305194
2.3279459196
1.9779031313
2.6691862907
2.1243166697
1.5195906122
2.4209581273
2.2190893609
2.9294444241
2.8883664774
2.3329339559
2.5386171031
2.6072759568
2.4324012696
2.6911923335
2.1662748581
2.8857257523
2.0274900812
2.6198927547
2.4652636269
2.2842272478
1.8488010132
2.5292278581
1.7883577489
2.0858794482
2.6008208509
2.8748694378
2.6090364402
1.7593097723
2.6058088873
2.1114064579
2.7806835744
2.4825750473
2.9153605567
1.8476273576
2.0644602332
2.2625146188
2.3379219923
2.0982028322
2.2625146188
2.6075693707
2.5500602454
2.4420839285
1.7821960569
2.2396283342
1.8121242752
2.2226103278
1.7942260270
2.1228496002
2.7504619423
1.8523219801
3.1404090215
1.9955079656
2.5374434475
2.8513963255
2.4004191540
2.8249890740
2.3109279131
2.7771626076
2.6398449002
2.4012993957
2.4435509980
2.0104720747
2.2425624733
2.2631014466
1.6577885613
2.6248807911
2.7434200085
2.2452031984
2.4080479155
2.1586460966
2.0597656107
3.0515046084
2.0902806568
2.8719352988
2.4814013917
2.8264561436
2.7173061710
2.2821733504
2.3886825978
2.5045810902
2.4412036867
1.9611785387
2.5914316059
2.1683287554
2.8496358420
2.4065808460
2.4552875542
1.8907592016
2.1090591467
2.8816179576
2.8918874443
2.3103410853
2.9837259965
2.0198613197
1.9286095953
2.0509631936
2.6565694928
2.0007894159
2.0673943722
1.8593639138
2.9347258744
2.3041793933
2.6017010926
1.6985730941
2.6031681621
2.3047662211
2.8067974120
1.4113208814
2.0902806568
2.2097001160
2.8009291339
1.9908133431
1.8124176891
2.4517665873
2.4414971007
1.9911067570
2.0817716535
2.5104493682
2.2953769761
2.4461917231
2.1149274248
2.4297605445
2.0277834951
1.6228723067
2.4805211500
2.5028206067
2.0327715315
2.5937789172
2.1416280901
3.0227500458
1.7490402857
1.6563214918
2.0797177562
2.6049286455
2.0844123787
1.9811306842
3.1274988097
2.3593412073
2.3831077336
2.6774018800
2.6603838735
1.7986272355
2.3077003601
2.5312817555
2.4972457425
2.9059713117
2.1689155832
2.2094067021
2.5233595801
2.1005501434
2.7313900385
1.6337286211
1.5386625160
2.2484307514
2.0665141305
2.6791623634
2.5113296100
2.6900186779
2.1058315937
2.5694255631
1.8042020997
2.7792165049
2.6885516084
2.4919642923
2.5224793383
2.0359990844
3.0878879326
2.5494734176
1.5756326680
2.3235447110
2.1008435573
2.3279459196
2.3440836843
2.9617199536
1.7733936397
2.4482456205
2.5568087652
2.0169271806
2.0131127999
2.7941806141
2.5110361961
2.1128735274
2.7387253861
2.1912150400
2.0060708661
2.2818799365
3.0603070256
2.6474736617
2.5920184337
1.8185793811
2.4573414515
2.8003423060
2.6694797046
2.4183174022
2.5955394006
2.4106886407
2.3587543795
2.2895086980
2.7134917903
2.4426707563
2.8663604346
2.0227954587
2.4869762559
2.7484080449
2.7002881646
2.0744363059
2.0398134652
2.9496899835
2.4699582494
2.2648619300
2.5418446560
2.6017010926
2.4814013917
1.9509090521
2.5503536593
2.1721431362
2.5104493682
2.4409102728
2.4582216932
2.2757182445
2.4370958921
2.8731089544
1.7006269914
1.7029743026
2.6052220595
1.8367710432
1.8417590795
2.9247498016
2.1560053714
2.2639816883
2.2029515962
2.4206647134
2.7862584386
2.4180239883
2.5609165598
2.1548317158
2.1721431362
2.4417905146
2.2868679729
2.2815865226
2.4403234450
2.4409102728
2.1753706891
1.4265784044
2.5356829640
2.4632097296
3.0902352439
2.3763592138
2.9221090765
2.3314668864
2.1586460966
1.8637651224
2.1301849478
1.8411722517
2.3364549228
1.9685138863
2.5905513642
2.0902806568
2.0615260941
2.2270115363
2.0013762437
2.2757182445
2.6553958371
2.8111986205
2.6087430263
2.0456817433
2.1210891168
2.0870531038
1.8731543673
2.4282934749
2.2851074895
2.6853240554
2.2305325032
2.8866059940
2.8651867790
2.5705992187
2.2507780626
2.8255759018
2.3954311176
2.2988979430
1.5905967771
2.2102869438
1.6525071110
2.6084496124
2.4552875542
2.7205337240
2.7665997070
2.8648933651
2.4635031435
2.2771853140
2.7492882866
1.9875857901
2.3649160715
2.1618736495
2.7184798266
2.0741428920
1.8881184765
1.9955079656
2.2933230788
2.1876940731
2.6093298541
2.1630473051
2.6392580724
2.6357371055
2.8170668986
2.2457900262
2.6659587377
2.4614492462
2.6495275591
2.8910072026
1.9770228896
2.4752396997
2.6671323933
2.4344551669
2.2977242874
2.5641441128
2.5664914240
2.2369876091
3.0696962705
3.2926908381
2.5967130562
2.7982884087
2.4244790942
2.0072445218
2.8114920344
2.0315978758
2.4095149850
2.9848996521
2.5911381920
2.2029515962
2.3531795154
2.7161325154
2.1979635598
2.3646226576
3.2524931331
2.9162407984
2.7575038760
2.3346944394
2.7076235122
2.6084496124
2.7161325154
2.8760430935
2.3393890618
2.0087115913
2.0770770311
2.0048972105
2.9913547580
2.3754789721
3.0682292010
2.6953001282
2.0779572728
1.5606685589
2.1973767320
2.7434200085
2.1741970335
2.3584609656
2.4995930538
1.8869448209
2.5670782518
2.2898021119
2.5958328145
2.7610248428
2.6518748703
2.0489092962
2.4658504547
2.6897252640
2.4403234450
1.9787833730
1.7848367820
1.8784358176
2.6700665324
2.5826291888
2.3716645913
1.8989747909
2.2434427150
2.9012766893
2.5436051395
1.8508549106
2.3214908136
2.4476587927
2.2727841055
2.6237071354
2.7049827870
2.6633180126
2.7745218824
2.4021796374
2.4221317829
2.6099166819
2.5485931759
2.5532877983
2.4591019349
2.2578199963
1.7569624611
2.7639589819
2.7231744491
2.8493424281
2.1266639810
2.5169044742
2.3197303302
2.3713711774
2.7193600684
2.7545697369
2.3649160715
2.2352271257
2.5794016358
1.9787833730
2.6815096747
2.1956162486
2.4115688824
2.3344010255
2.8543304645
2.0172205945
2.5758806690
2.0348254288
1.6419442105
2.8871928218
2.2135144967
2.6888450223
2.1574724409
2.6474736617
2.2622212049
2.1700892388
2.1765443447
2.8645999512
1.9990289324
2.3402693035
2.7055696148
2.3261854361
2.5923118476
2.3860418727
2.4256527498
2.3241315388
2.2117540133
2.4235988525
2.1014303852
2.6685994629
2.9746301654
3.0030913142
2.2408019899
2.6163717878
2.5098625404
3.1445168162
2.3396824757
2.7847913691
2.2648619300
1.9500288104
2.9599594702
2.1659814442
2.6545155954
2.3341076115
2.3185566746
2.5890842947
2.5078086431
2.0888135873
2.9212288348
2.6169586156
2.8006357200
2.1428017457
2.6950067143
2.6096232680
2.8874862357
2.6580365623
1.7924655436
2.3267722639
2.0445080877
2.1008435573
2.1249034975
2.7853781969
2.5682519075
2.5491800037
2.1674485137
2.1595263383
2.9203485931
2.8285100409
2.6888450223
2.1325322590
2.0756099615
2.4244790942
2.1674485137
2.1806521394
2.1002567295
2.2020713545
2.6785755356
2.6621443570
2.2519517182
2.5482997619
2.4767067692
1.9538431911
1.9611785387
2.2472570958
2.0852926204
2.5967130562
2.1615802356
2.1733167918
2.5958328145
2.3863352866
2.1240232558
2.8302705243
2.2026581823
2.5591560764
2.4916708783
1.7707529146
2.1334125008
2.7786296771
2.9138934872
2.5556351096
2.1372268815
2.2584068241
2.6463000061
2.6630245987
1.7619504975
2.2014845266
2.9722828542
2.6210664103
2.9094922786
2.3810538363
2.5309883416
2.5403775865
2.3995389123
2.0597656107
2.5579824208
2.6377910029
2.8320310078
2.6483539034
2.5057547458
2.8246956601
2.0624063358
2.7261085882
2.6078627846
2.9297378380
1.9482683269
2.3420297870
2.0685680278
1.6959323689
2.4497126900
2.1448556430
2.1865204175
2.4904972227
2.3467244094
1.9582443997
2.3176764329
2.6105035097
2.0536039187
2.7357912470
1.4503449307
2.1257837392
2.0594721968
2.5204254410
2.7569170482
2.1803587255
2.7079169261
2.6248807911
1.9828911677
2.6424856253
2.9171210401
2.1316520173
2.5741201856
2.3807604224
2.2610475493
2.4423773424
2.6498209730
2.5339224806
2.5664914240
2.4740660441
1.9916935848
2.3349878533
1.8740346090
2.4816948056
2.4805211500
2.2865745590
1.5040396753
2.9579055728
2.3813472502
2.8616658121
3.0394746383
2.8428873222
2.0999633156
2.2636882744
1.7552019777
2.7296295550
2.1137537692
2.4764133553
1.9808372703
2.4902038088
1.6451717634
2.7217073796
2.3989520845
2.4843355307
2.2968440457
2.0301308063
2.3798801807
2.4658504547
2.1328256730
2.2287720198
1.8608309833
2.1348795703
2.3276525056
2.5893777086
2.6486473173
2.5726531160
2.0902806568
2.8332046634
2.9787379601
2.6891384362
2.8197076238
2.0600590246
2.2490175792
2.8349651468
2.1342927425
2.3396824757
1.8505614967
1.9541366050
2.2786523836
1.9435737044
2.3731316609
2.4036467070
2.7621984984
2.9018635171
1.8042020997
2.4822816334
1.9899331014
1.8731543673
2.1557119575
2.4593953488
2.3819340780
2.0864662760
2.0125259720
2.7959410975
2.4602755906
2.7727613990
1.8631782946
2.4165569188
2.4799343222
2.8484621864
2.5814555332
2.1266639810
2.3211973997
2.6630245987
2.6970606116
2.3505387902
2.1970833181
2.0031367271
1.9691007142
2.8214681072
2.4676109382
2.1530712324
2.1005501434
2.3549399988
2.8995162058
2.5060481597
1.7719265702
2.7049827870
2.1436819874
2.3690238662
2.2921494232
2.2431493011
1.8432261491
2.3769460416
2.0459751572
2.5676650797
1.7009204053
3.1040256974
2.1513107489
2.1375202954
2.3754789721
2.2504846487
1.7299683819
1.9811306842
3.0849537936
2.7580907038
2.7930069584
1.7129503754
2.6879647806
2.7528092535
1.9203940060
1.7868906794
2.6457131783
2.7903662333
2.4121557102
2.7478212171
2.4136227797
2.7137852042
2.4992996399
2.6750545688
2.4142096075
1.8819567845
2.3038859794
2.7803901605
2.2534187878
3.0206961484
2.7058630287
2.3229578832
2.6460065922
2.4312276140
2.6897252640
2.5852699139
1.6877167796
1.9218610755
2.8648933651
2.5177847159
2.0870531038
2.1457358848
2.3517124458
3.2703913813
2.2856943173
2.2569397546
3.1263251541
2.6791623634
2.3464309955
1.8763819203
2.1354663981
1.9990289324
1.7085491668
2.0357056705
2.2507780626
2.5069284014
2.2572331685
2.7404858695
2.6172520295
2.6107969236
2.0606458524
2.5752938412
2.4793474944
2.5814555332
1.9652863334
2.1950294207
2.2088198743
2.5603297320
2.8487556003
1.9195137643
2.2026581823
2.2551792712
2.6184256852
2.3211973997
3.0321392907
2.6926594030
2.4256527498
2.1900413844
2.3534729293
1.9195137643
2.9561450894
2.5585692486
2.4464851370
2.5060481597
2.1991372154
2.5506470732
2.1360532259
2.4441378258
2.5418446560
2.8645999512
2.3214908136
2.1266639810
2.3886825978
2.4309342001
1.8951604102
2.2463768541
2.0541907465
2.4925511201
2.3476046512
2.5691321492
2.7903662333
2.2422690594
2.1985503876
2.4344551669
2.3567004822
2.6046352316
2.1087657328
3.0784986877
2.1689155832
2.0656338888
2.0720889947
2.6680126350
2.7815638162
2.1671550998
2.8616658121
1.5759260819
2.5923118476
2.6275215162
2.5758806690
2.0503763657
2.4770001831
2.4520600012
2.0128193859
2.9573187450
1.8229805896
2.0081247635
1.7249803455
2.5667848379
2.2631014466
2.5450722090
2.2631014466
2.0621129219
2.3153291217
1.8766753342
2.6917791613
2.2534187878
2.2645685161
2.5849765000
2.7310966245
2.0380529817
2.3889760117
1.9817175121
2.3590477934
2.4623294879
2.4109820546
1.9444539462
2.2281851920
2.7302163828
2.1228496002
2.3748921443
2.2340534701
2.4200778856
2.1146340109
2.1806521394
2.3819340780
2.4215449551
2.5004732955
2.1686221693
2.3402693035
2.5312817555
2.2663289996
2.3390956479
2.3106344992
2.7994620643
2.5213056827
1.7525612525
2.9153605567
2.3643292437
2.1800653116
2.4593953488
3.1383551242
1.6225788928
2.6906055057
2.4092215711
1.5606685589
2.6724138436
2.4749462858
1.7648846365
2.0101786608
1.9820109260
2.4206647134
2.6090364402
1.9206874199
1.9943343100
2.9326719770
2.7225876213
3.0424087774
2.8927676860
3.1013849722
2.3106344992
2.9294444241
1.8194596228
2.3100476714
2.6662521516
2.8123722761
2.6002340231
2.3030057377
2.8170668986
2.2020713545
2.1689155832
2.3411495453
2.1084723189
2.6615575291
2.2783589697
2.7492882866
2.2924428371
1.9908133431
1.6208184093
2.5130900934
2.5843896722
2.8892467192
2.3056464628
2.2716104499
2.3467244094
1.7977469938
2.4681977660
1.8652321919
1.7100162363
2.6061023012
2.5987669535
2.6530485259
3.2290200208
2.1894545566
2.0436278459
1.8954538241
3.0515046084
2.5215990966
2.4051137765
2.5497668315
1.9327173900
2.1263705671
2.1871072453
2.6072759568
2.4048203626
2.3998323262
2.0248493560
2.1539514741
2.1357598120
2.4878564976
2.3223710554
1.9379988403
1.8622980529
2.0738494781
2.0289571507
1.4122011231
2.2730775194
2.7545697369
2.2498978209
2.1469095404
1.9368251846
2.7425397668
2.6600904596
2.5465392785
1.8978011353
2.2405085760
2.2874548007
2.2886284563
3.0104266618
2.5503536593
1.5850219130
2.5814555332
2.8117854483
2.8449412196
2.5623836294
2.1325322590
2.8537436367
2.3787065251
2.7674799487
2.1504305072
2.4285868888
1.9485617408
2.2454966123
2.8481687725
2.4714253189
3.0025044864
2.6489407312
2.2120474272
2.7953542697
2.3813472502
1.9377054264
2.6413119697
2.4934313618
2.4825750473
2.2683828969
2.5928986755
3.0383009827
2.4103952268
2.2340534701
2.0524302631
2.0459751572
2.2460834402
2.2340534701
2.2114605994
2.3816406641
2.6776952939
2.4564612098
2.3464309955
2.4494192761
2.1031908686
2.6237071354
2.3484848929
2.6160783739
2.8179471403
2.4931379479
2.1439754013
2.6524616981
1.9960947934
2.0676877861
3.0570794726
2.1727299640
2.0280769090
2.6876713667
2.7023420619
2.3608082769
2.3537663432
2.6639048404
2.0882267594
2.4787606665
2.1128735274
2.7909530611
2.7220007935
2.0618195080
2.0266098395
2.0450949155
2.8117854483
2.2058857352
1.5134289202
2.2311193310
2.2305325032
2.4494192761
2.0315978758
2.8739891961
2.9854864799
2.8161866569
2.6105035097
1.8179925533
2.0826518953
2.3913233230
2.4458983092
2.4224251969
2.3966047732
2.4652636269
1.8840106818
2.7349110053
2.6263478606
2.2675026552
2.6820965025
2.3302932308
2.5509404871
3.1295527071
2.3285327474
2.6847372276
1.9371185985
1.7185252396
2.4837487029
2.5204254410
2.8343783190
2.4564612098
2.4312276140
2.7352044192
2.5673716658
2.7900728194
1.9465078435
2.8751628517
2.2490175792
2.4189042300
2.1202088751
1.6979862663
2.8015159617
1.7563756333
2.0415739486
1.6660041506
2.2851074895
2.4435509980
2.0803045840
2.3977784289
2.3147422938
2.0759033755
2.0706219252
2.4995930538
1.9312503205
2.8358453885
2.6730006714
2.2528319600
2.3229578832
2.6213598242
3.0356602576
3.0784986877
2.1169813221
2.7187732406
2.7137852042
2.1407478484
2.6107969236
2.5990603675
2.1301849478
2.8819113715
2.4728923885
2.8660670207
2.1430951596
2.2305325032
2.0213283892
2.6374975890
2.6724138436
2.0820650674
1.9514958799
2.2812931087
2.0081247635
1.8643519502
2.2170354636
2.8716418849
2.3373351645
2.4573414515
2.2317061588
2.2924428371
2.1366400537
2.6260544467
2.6864977110
1.7813158152
2.3162093634
2.4048203626
2.7806835744
2.9796182018
2.2296522615
2.1278376366
2.6944198865
2.3822274919
1.9576575719
2.5086888848
2.5186649576
2.8197076238
2.3068201184
2.1947360068
1.7895314045
3.0418219496
2.3434968565
2.3473112373
2.3919101508
2.2587002381
2.2152749802
2.2035384240
2.2733709333
2.3813472502
2.4382695477
2.0612326802
1.7695792590
2.5656111823
2.6518748703
2.3646226576
1.7549085638
2.5585692486
2.6835635720
2.8305639382
2.6275215162
2.8202944516
1.9963882073
2.7991686504
2.5397907587
2.2551792712
2.0841189648
2.4505929317
1.7739804676
1.8514417384
2.1598197522
2.6166652017
2.1155142526
3.0248039431
2.5142637490
2.6087430263
2.4230120247
2.5679584936
2.0562446438
2.7211205518
2.7102642373
2.2364007813
2.0336517732
2.7281624855
2.8863125801
2.8132525179
2.7704140878
2.2607541354
2.7481146310
2.0213283892
1.8872382348
2.6530485259
3.0306722212
2.2944967344
2.2475505097
1.6938784716
2.6216532381
2.2633948605
1.5900099493
2.1824126228
2.3446705121
2.2052989074
2.6116771654
3.1090137337
3.1277922236
2.3344010255
2.2135144967
2.0958555210
2.8241088323
2.6151981322
2.5227727522
3.0259775987
1.9007352744
2.4191976439
2.3361615089
1.6909443325
2.8986359641
2.8053303424
2.5849765000
2.2663289996
3.0553189892
2.6433658671
2.7410726973
1.7877709211
2.3678502106
2.0826518953
2.3235447110
2.3637424159
1.9658731612
2.3696106940
1.7552019777
2.7049827870
2.4828684612
3.0623609229
2.1739036196
1.5527463834
2.7689470183
2.4039401209
1.7308486236
1.9740887505
2.3731316609
2.4341617530
2.8384861137
2.5236529940
2.6630245987
2.7143720320
2.1609934078
2.0401068791
2.4816948056
2.8789772325
2.1768377587
2.1865204175
2.3561136544
1.5289798572
1.6818485015
1.9972684490
2.1480831960
2.6923659891
2.4925511201
2.6169586156
2.7642523958
2.7375517305
2.3411495453
2.0330649454
2.5791082219
2.3772394555
2.6976474394
1.7827828847
2.2454966123
2.3443770982
2.4394432033
2.5629704572
2.4825750473
2.9934086553
2.3044728072
2.0145798694
2.6524616981
2.3657963133
2.2431493011
2.2047120796
2.4520600012
2.2584068241
2.1841731063
2.1598197522
2.1398676067
2.2877482146
1.7120701337
2.1935623512
2.0914543124
2.0911608985
1.6935850577
2.4414971007
2.1747838613
3.2428104743
1.7851301959
2.5438985534
1.9899331014
3.0799657572
2.4215449551
2.5931920894
2.5914316059
2.0671009583
2.4368024782
2.5474195202
2.5022337789
2.9514504669
2.3323471281
1.9101245193
1.3878477690
2.4720121467
2.8044501007
1.9691007142
2.2915625954
2.6058088873
2.1416280901
2.5641441128
2.9309114936
2.5767609107
2.6844438137
2.1721431362
2.5820423610
2.7354978331
2.7237612769
2.2352271257
3.0077859366
2.1087657328
2.1991372154
1.9121784167
2.1651012025
2.8255759018
2.8109052066
2.6612641152
2.5224793383
2.2947901483
2.7246415186
2.9714026125
2.6263478606
2.5562219374
2.6416053836
2.6741743270
2.6058088873
2.3616885186
2.7410726973
1.6084950253
2.5025271928
2.3414429592
2.0961489349
2.4995930538
2.0266098395
2.2807062809
2.7334439358
2.5814555332
1.8728609534
2.3074069462
2.6671323933
2.1844665202
2.5427248978
2.4884433254
2.4065808460
1.9699809559
2.3320537142
2.2211432583
1.7516810108
2.1659814442
2.4819882195
2.7184798266
2.1812389672
2.7454739059
2.4981259843
1.8819567845
2.7950608558
2.6254676189
2.0952686932
2.1903347983
2.5412578282
3.0729238235
2.5794016358
2.8687077458
1.8080164805
2.6976474394
2.5339224806
2.4863894281
3.1172293231
2.5553416957
2.2824667643
1.7097228224
1.9591246414
1.8323698346
2.1128735274
2.1046579381
2.9059713117
2.0797177562
2.0357056705
1.8018547885
1.8942801685
1.7907050601
2.5779345663
1.6319681377
2.5497668315
2.1991372154
1.8931065128
2.7557433925
2.5471261063
2.1249034975
2.1882809009
2.6184256852
2.1260771531
2.1920952817
2.2490175792
1.6093752670
2.8405400110
2.7798033327
2.4966589147
2.2381612647
1.8341303180
1.9136454862
2.2892152841
2.5717728743
1.9925738265
2.1161010804
2.4526468290
2.3053530489
2.8155998291
2.0189810779
2.3432034426
2.3188500885
2.3027123238
2.2478439236
2.5726531160
2.6471802478
2.7161325154
2.8170668986
2.5984735396
2.7798033327
2.3165027773
2.7205337240
2.7134917903
1.8872382348
2.4931379479
3.0007440029
2.6507012147
2.8320310078
2.6281083440
2.4432575841
2.0280769090
2.4136227797
1.8951604102
2.1918018678
2.0899872429
1.9374120125
2.3901496673
2.0125259720
2.5107427822
2.1058315937
2.2387480925
1.6178842703
1.6357825185
2.0239691143
2.4095149850
2.4397366172
1.9914001709
2.9655343344
1.7731002258
2.1401610206
2.3241315388
2.5679584936
2.0433344320
1.9702743698
2.3261854361
2.8126656900
2.2924428371
2.0864662760
2.0362924983
2.1384005371
2.8769233352
2.5016469511
2.7965279253
2.7202403101
2.3801735946
1.6677646341
2.2971374596
2.2701433803
2.0676877861
2.5843896722
2.5171978881
2.9268036990
2.2792392114
2.4860960142
3.0262710126
1.5342613075
1.4573868644
2.5565153513
2.5233595801
2.5814555332
2.9106659342
2.1536580602
2.4843355307
2.3461375816
1.9479749130
2.6225334798
3.0333129463
2.7610248428
1.6915311603
2.4458983092
2.3851616310
1.6055608863
2.0122325581
1.9582443997
2.8185339681
2.1293047061
2.4027664652
1.7370103156
2.6958869560
1.9315437344
2.5923118476
2.6231203076
2.5990603675
2.5406710004
2.3611016908
2.9042108283
2.4948984313
2.9209354209
2.1548317158
2.6146113044
1.9520827077
2.4092215711
2.0993764878
2.1577658548
1.9306634926
2.7422463529
1.8954538241
2.0163403528
2.3056464628
2.8537436367
2.3693172801
1.5192971983
2.4819882195
2.5653177684
2.4274132332
2.2493109931
2.6911923335
2.3707843496
2.5098625404
2.1979635598
1.9852384789
2.6172520295
2.6342700360
2.9323785631
2.8337914912
2.2017779405
2.7748152963
2.6474736617
2.5512339010
3.1260317402
2.0738494781
1.8388249405
2.4963655008
2.7123181347
2.1876940731
2.2490175792
1.9538431911
2.4450180675
2.6527551120
2.2052989074
2.0712087530
2.2369876091
2.1466161265
2.1545383019
2.5245332357
2.8153064152
2.7041025453
2.2434427150
2.6518748703
1.7930523714
1.4350874077
2.6947133004
2.9320851492
2.1243166697
2.1583526827
2.4981259843
2.6284017579
1.9347712873
2.0982028322
2.1695024110
2.0902806568
2.2390415064
2.1991372154
2.7396056278
2.8663604346
2.3490717207
2.0225020448
2.0119391442
2.2563529268
2.0562446438
2.1219693585
1.8819567845
2.1865204175
1.7164713422
2.3411495453
2.7645458097
2.6621443570
1.7405312824
2.2311193310
2.1818257950
2.8326178356
2.4599821766
2.3939640481
2.3317603003
2.7991686504
2.7827374718
2.2149815663
2.1847599341
2.1445622291
2.8587316731
2.2076462186
1.8746214369
2.5934855033
2.1287178783
2.7595577733
2.1612868217
2.3584609656
2.6328029665
2.2008976988
2.3109279131
2.6260544467
2.4802277361
3.0782052738
2.1891611426
3.0696962705
2.3373351645
2.6870845389
1.8881184765
2.7099708234
2.2000174571
2.4194910578
1.8816633706
1.9869989623
2.1832928646
2.8191207959
1.9101245193
1.5958782274
2.0577117134
1.9911067570
2.9036240005
1.8526153940
1.8385315266
2.2311193310
2.7715877434
2.5899645364
2.2217300861
1.9391724959
1.8825436123
2.3440836843
1.8490944272
1.7772080205
2.5295212721
2.4987128121
1.8496812550
1.9840648233
1.6360759324
2.6430724532
1.7760343649
2.6427790392
2.7140786181
2.2745445889
1.7223396203
2.2322929866
1.7475732161
2.7264020021
1.9884660319
2.7830308857
2.1034842825
2.2146881524
2.6700665324
2.6864977110
1.6442915217
1.9280227675
2.1601131661
2.5198386132
2.5714794604
2.5926052616
2.5779345663
3.0145344564
2.0788375145
1.9456276018
2.3188500885
1.9887594458
2.7739350546
2.8111986205
2.6407251419
2.4133293658
2.2939099066
2.4684911799
2.0022564854
1.7150042727
2.3429100287
1.7863038516
2.4297605445
2.1941491790
3.1145885979
2.7583841177
2.1043645242
2.6656653238
2.6477670756
3.1339539156
2.0923345541
2.2713170360
2.7023420619
1.6768604651
2.2378678508
1.8009745468
2.3367483367
2.5832160166
2.6436592810
2.7055696148
2.0811848257
2.6398449002
2.0647536471
2.7278690716
2.1331190869
2.5356829640
2.1850533480
1.5348481353
1.6988665080
1.9362383568
2.6809228469
2.8202944516
2.6568629067
3.0427021913
2.2918560093
2.3681436245
2.5427248978
2.3276525056
3.0491572972
1.4993450528
2.5623836294
2.6037549899
2.6908989196
1.9429868766
3.1407024355
2.2704367942
2.4878564976
2.3446705121
2.5383236892
2.4303473723
2.7824440579
1.7824894708
2.6876713667
1.8649387780
2.5729465299
2.6906055057
2.9687618873
2.9652409205
2.3725448331
2.7375517305
2.0192744919
2.7677733626
2.1498436794
2.4191976439
3.1043191113
2.4074610877
2.2070593908
2.7651326375
2.0368793261
1.6712856009
2.7900728194
2.7026354758
1.3365003357
1.7543217359
2.1518975768
1.4776324239
2.0914543124
2.8173603125
1.7026808887
2.9535043643
2.4470719648
2.1774245865
2.6424856253
2.5758806690
2.4168503327
3.2134690838
3.2014391137
2.5620902155
2.5189583715
2.6451263505
1.8922262711
1.8845975096
2.9854864799
2.0738494781
1.9165796252
3.0110134896
2.2281851920
2.8792706464
2.6994079228
2.0797177562
2.3288261613
2.3904430812
2.1791850699
2.2293588476
1.4544527254
2.1225561863
2.7070366844
2.5741201856
2.3217842276
2.5879106391
2.9021569310
2.7211205518
2.0767836172
2.3027123238
1.9787833730
2.4541138986
2.0095918330
1.9958013795
2.1815323811
2.4341617530
2.5345093084
2.3385088201
2.3933772203
2.7205337240
2.1615802356
2.2149815663
2.2830535921
1.7293815540
1.9462144296
2.3619819325
2.1709694806
2.6046352316
2.0629931636
2.7988752365
2.3294129891
3.2076008057
2.2686763108
2.1747838613
1.7299683819
2.5119164378
2.6759348105
2.0336517732
2.5233595801
3.1946905939
2.1472029543
2.8079710676
2.5037008484
2.0392266374
2.1530712324
1.9937474821
2.5301080999
2.8581448453
2.8948215833
2.1783048282
1.9905199292
2.3094608436
2.1844665202
2.3088740157
1.6965191967
2.3845748031
2.5394973448
2.4532336568
2.1293047061
2.4602755906
1.7587229445
2.0720889947
2.2255444668
2.1756641030
2.4335749252
2.7398990417
2.1967899042
3.0952232802
2.5441919673
2.7883123360
2.3335207837
1.9203940060
2.3220776415
2.0075379357
2.7974081670
2.5711860465
2.6644916682
2.7146654459
3.0306722212
2.0230888726
2.5424314839
2.0277834951
2.9473426723
1.8050823415
2.5855633278
2.5609165598
2.5890842947
1.5949979857
2.3801735946
1.3904884942
2.9681750595
2.6163717878
2.2405085760
2.6853240554
2.4015928096
2.2091132882
2.6357371055
2.5659045962
2.1518975768
1.8746214369
2.3875089422
2.0976160044
1.7393576268
2.2994847708
2.7146654459
2.5814555332
2.8349651468
3.1137083562
2.4482456205
2.4796409083
1.9092442776
2.0163403528
2.7516355979
2.7090905817
2.7510487701
1.7554953916
1.8391183544
1.9532563633
2.7240546908
2.2155683941
2.2003108710
2.5623836294
1.7484534579
2.6119705793
2.5356829640
1.8605375694
2.4922577062
2.5609165598
1.9755558201
2.0882267594
2.6407251419
2.0982028322
2.7871386803
2.7149588598
2.5858567417
1.7320222792
1.8532022218
2.6386712446
2.0582985412
2.4957786730
2.0098852469
2.2196761887
2.3845748031
1.4010513947
2.6973540255
2.2117540133
3.2190439480
2.5324554111
1.7305552097
1.9086574498
2.6685994629
2.6653719099
1.7349564182
2.3297064030
2.1700892388
3.0535585058
2.7610248428
1.8972143075
3.2806608680
1.7117767198
2.7026354758
1.9347712873
2.0286637368
2.3922035647
2.3558202405
2.3264788500
2.2944967344
2.3467244094
1.9309569065
2.3085806018
2.6022879204
2.3267722639
2.7847913691
2.4693714216
2.0720889947
2.2572331685
2.6870845389
2.4177305744
2.6430724532
2.2208498444
2.6351502777
2.7184798266
3.1060795947
1.9118850027
1.8036152719
2.5371500336
2.7278690716
2.7645458097
2.8373124580
3.2031995971
1.9529629494
2.1386939510
2.3458441677
1.8584836721
2.3869221144
2.2446163706
2.0700350974
1.8488010132
2.0040169688
2.5623836294
2.6008208509
1.7572558750
2.3857484588
2.7328571080
2.3156225356
2.3872155283
2.5057547458
2.2657421718
2.4896169810
2.0242625282
2.3123949826
2.4203712995
2.5700123909
2.8478753586
2.4159700909
1.7918787157
2.7404858695
2.7269888299
2.4966589147
1.9831845816
1.7452259049
2.5521141427
2.1272508088
2.2522451321
1.8355973875
2.7454739059
2.6404317280
2.0814782396
2.0982028322
2.6421922114
2.6407251419
2.0494961240
1.9740887505
2.6242939633
2.4209581273
2.4429641702
2.6820965025
2.4520600012
3.1946905939
2.0591787829
2.6759348105
1.8033218580
2.3203171580
2.6970606116
2.7460607337
2.3273590917
2.2372810230
2.1876940731
2.5682519075
1.9702743698
2.0327715315
1.8532022218
1.7974535799
1.9784899591
2.4467785509
2.0533105048
1.7387707990
1.9840648233
2.3883891839
2.3596346213
2.8968754807
2.2757182445
2.4755331136
2.1313586034
3.2225649149
2.7941806141
2.9998637612
2.3317603003
2.5286410303
2.2085264604
2.5879106391
2.8531568089
2.4899103949
2.3317603003
2.0891070012
1.8027350302
2.6615575291
2.0057774522
2.4963655008
2.8461148752
2.3745987304
2.7821506440
2.5104493682
2.7824440579
2.4913774644
2.0192744919
2.0483224684
2.0556578160
2.6565694928
2.0527236770
2.7938872001
1.9746755783
2.2918560093
2.2425624733
2.2677960691
2.1345861564
2.4984193982
3.1876486602
2.5453656229
2.0471488128
2.0192744919
2.9907679302
2.4353354087
2.7029288897
2.1865204175
1.9391724959
2.5961262284
2.6454197644
2.0048972105
2.9006898614
1.6924114021
1.7422917659
2.1744904474
2.4183174022
1.9098311054
2.4180239883
2.0242625282
2.0577117134
2.7859650247
2.2528319600
2.6688928768
2.6418987975
1.8895855460
1.6187645120
2.0321847037
2.6213598242
2.5083954709
2.6955935421
2.7528092535
2.7710009156
1.9318371483
2.0028433132
2.4450180675
2.0612326802
2.1783048282
2.4103952268
2.0386398096
2.5034074345
2.4925511201
2.4438444119
2.6201861686
2.2636882744
2.7208271379
2.3957245315
1.7807289874
2.0398134652
1.8819567845
2.6906055057
2.1114064579
2.6442461088
2.3845748031
2.0236757004
2.0621129219
1.9547234328
2.5268805469
2.1539514741
2.1445622291
2.5952459867
2.5879106391
1.8127111030
2.2052989074
1.8426393212
1.6305010682
1.9374120125
2.4737726302
2.7264020021
2.6947133004
2.1178615638
3.1339539156
2.4004191540
1.5606685589
3.0444626747
2.1812389672
2.7058630287
2.8505160837
2.1944425929
1.7956930965
2.5031140206
2.5177847159
2.0139930416
2.2698499664
1.7783816761
2.5471261063
2.5301080999
2.2516583043
2.7748152963
1.9849450650
2.1920952817
2.3693172801
2.2408019899
2.7416595251
1.4667761094
2.5782279802
2.6146113044
2.4658504547
2.3015386681
1.8241542453
2.1263705671
1.9274359397
2.5972998840
2.6791623634
2.2704367942
2.0964423488
2.7126115486
2.4054071904
2.0051906244
1.9887594458
2.2369876091
2.1410412623
1.6017465055
1.8168188976
2.1668616859
2.6709467741
2.6527551120
2.5163176463
2.5647309406
1.9400527376
2.3895628395
2.3927903925
2.5679584936
2.9825523408
2.3713711774
1.9937474821
2.2877482146
2.4458983092
1.8939867546
3.4308887872
1.8863579930
2.8469951169
2.0028433132
3.0828998962
1.7411181102
2.7269888299
2.1140471831
1.9459210157
2.4121557102
2.3693172801
1.7810224013
2.2493109931
3.0165883538
2.1659814442
2.5685453214
1.9746755783
2.8907137887
2.4077545016
2.5201320271
2.4570480376
2.7627853263
1.7751541232
2.5098625404
2.4101018129
2.6958869560
2.4068742599
2.8103183788
2.2927362510
2.4382695477
2.4858026003
1.8182859672
1.9790767869
2.3027123238
2.8399531832
2.1888677287
2.5732399438
2.7454739059
2.3082871879
2.4409102728
2.8467017030
2.0013762437
1.5817943600
2.3781196972
2.2270115363
2.3898562534
2.4535270707
2.2064725630
1.9077772081
2.2079396325
2.9165342123
2.2355205396
2.9898876885
2.2548858573
2.3226644693
2.2730775194
2.3907364951
1.9494419825
2.6043418177
2.1697958249
2.5494734176
2.7701206739
2.3027123238
2.0844123787
2.5764674968
2.5547548679
2.3226644693
2.3115147409
2.5289344442
2.8490490142
2.3217842276
1.8223937618
2.8634262956
2.5987669535
2.2895086980
1.9676336446
2.0852926204
1.7258605872
2.8258693158
2.4388563755
2.2126342550
2.2675026552
3.0955166941
1.8253279009
2.4103952268
2.4790540804
2.5538746261
2.6110903375
2.2501912348
2.3476046512
2.6518748703
1.6994533358
2.0286637368
2.4948984313
1.8625914668
2.0354122566
2.5958328145
2.2041252518
2.5990603675
2.5497668315
2.1205022890
2.4705450772
2.3035925655
1.8848909235
1.7510941830
2.4684911799
2.7366714887
2.2959638039
2.6105035097
2.5823357749
2.4799343222
1.8006811329
2.4646767991
2.0694482695
1.9435737044
2.1876940731
2.6093298541
2.4162635049
1.9030825856
2.4329880974
1.9872923762
2.6985276811
2.2991913569
1.9611785387
2.7756955381
2.3593412073
2.3059398767
2.7425397668
2.8692945736
2.5808687054
2.7798033327
1.7760343649
2.1700892388
1.9180466947
2.6369107612
3.1571336141
2.3370417506
2.6345634499
2.6187190991
1.7789685039
2.9300312519
2.5835094305
2.7225876213
2.3112213270
1.7355432460
2.5529943844
3.1949840078
2.6627311848
2.4626229018
2.2892152841
2.2997781847
2.2273049503
2.0274900812
2.7947674419
2.1548317158
3.0738040652
2.2050054935
2.9637738509
2.2129276689
2.0867596899
2.5163176463
2.7428331807
2.3540597571
2.0057774522
2.0694482695
2.9916481719
3.0658818898
2.8197076238
1.4148418483
2.3094608436
3.3631101752
2.1061250076
2.1964964903
2.5089822987
2.9080252091
2.0465619850
2.0421607764
2.3000715986
2.6700665324
2.0233822865
2.5656111823
2.0811848257
2.1542448880
2.0709153391
1.7725133980
2.7768691937
2.8129591039
2.7231744491
1.8722741256
1.6237525484
2.3795867668
2.5993537814
2.7181864127
2.4919642923
2.4479522066
2.5380302753
2.7868452664
1.9828911677
2.6257610328
2.5858567417
2.6559826650
3.0453429164
2.7099708234
2.3939640481
2.1072986632
2.6935396448
2.2208498444
2.3335207837
2.6096232680
2.4071676738
2.0060708661
2.2889218702
2.8651867790
2.4758265275
2.3974850150
2.2255444668
1.6469322468
2.4338683391
2.1451490569
2.7683601904
2.7853781969
2.1466161265
2.5239464079
2.1404544345
1.8628848807
2.3132752243
2.9543846060
2.2381612647
2.2146881524
2.7354978331
1.9952145517
2.3203171580
2.4233054386
2.0712087530
2.3998323262
2.5849765000
2.3388022340
1.8153518281
2.3476046512
2.1970833181
2.6908989196
2.3608082769
1.8866514069
2.6700665324
2.5773477385
1.8945735824
2.2017779405
2.3960179454
2.0852926204
2.0404002930
1.7962799243
2.5917250198
2.8827916133
2.4881499115
2.1853467619
2.7498751144
2.0571248856
2.2493109931
3.1016783861
2.4860960142
2.7721745712
1.6965191967
2.7096774095
2.0207415614
2.1272508088
2.5532877983
2.7231744491
2.8170668986
2.3085806018
2.5750004273
2.2786523836
2.0160469389
2.6812162608
1.3992909113
2.8478753586
1.9400527376
2.1956162486
2.5438985534
2.5394973448
2.1560053714
2.2281851920
1.9802504425
2.7008749924
2.5436051395
2.2003108710
1.8989747909
3.0045583837
2.7331505219
1.8746214369
2.1322388451
2.9458756028
2.0673943722
2.6266412745
1.9074837942
2.3074069462
2.9687618873
2.5403775865
2.5744135995
1.8716872978
2.4338683391
2.3255986083
2.2017779405
1.9729150949
2.6125574071
2.9989835195
2.6630245987
1.6692317036
2.2052989074
2.5796950497
2.3851616310
2.5700123909
2.1354663981
2.7522224257
2.2449097845
2.5814555332
2.2167420497
2.1612868217
2.4937247757
2.4667306965
2.8657736068
1.9940408961
2.4687845938
2.2211432583
2.2771853140
1.4309796130
2.4679043521
2.2290654337
2.3059398767
2.1606999939
2.1190352194
2.2029515962
2.7971147531
2.5350961362
1.7023874748
2.5694255631
2.5227727522
2.9884206189
2.1888677287
1.9646995056
2.2971374596
2.2663289996
3.0151212843
2.5051679180
2.3255986083
2.0046037966
1.8787292315
2.1513107489
1.7953996826
2.5306949277
2.5436051395
3.3196849173
2.7073300983
2.5400841726
2.6950067143
2.1463227126
1.6448783495
2.3335207837
2.3740119026
1.8285554538
2.1595263383
2.3810538363
2.4077545016
2.8751628517
2.6319227248
3.0535585058
2.3655028993
2.9012766893
3.0761513764
2.3613951047
3.1339539156
2.4373893060
2.8229351767
2.7680667765
2.4194910578
2.3399758896
2.0847057926
2.5667848379
1.7983338216
1.7557888055
2.6826833303
2.2231971556
2.1850533480
2.5306949277
2.7404858695
1.9949211378
1.9057233107
2.0518434353
2.0186876640
2.0808914118
2.6829767442
2.2331732283
2.5130900934
2.5215990966
1.9321305622
2.5638506989
2.0568314716
2.7090905817
1.8699268144
1.8394117683
2.1724365501
2.5617968016
2.2091132882
2.0336517732
2.3121015687
2.0741428920
1.9793702008
2.1959096625
2.7217073796
2.6360305194
2.3608082769
1.9098311054
1.9591246414
3.1820737960
2.4899103949
2.4156766770
2.2812931087
1.9201005921
2.5397907587
2.0679812000
3.0600136117
1.9585378136
2.4643833852
3.0365404993
2.0533105048
2.0996699017
1.9881726180
2.2534187878
2.5157308185
2.6703599463
2.5441919673
2.0841189648
2.2757182445
2.1363466398
1.9814240982
2.6219466520
2.9904745163
2.6284017579
2.4954852591
2.0682746139
2.9681750595
2.8475819447
2.5215990966
1.8837172679
2.1251969114
1.9060167247
2.3003650125
2.1266639810
2.2070593908
2.5248266496
2.9661211622
1.7587229445
2.8537436367
2.4684911799
2.0010828298
2.1448556430
2.3355746811
1.9752624062
2.4124491241
2.9185881096
2.2117540133
2.5864435696
2.1882809009
2.5427248978
2.1818257950
2.2375744369
3.1591875114
2.2622212049
1.9327173900
2.7680667765
1.9242083867
2.4303473723
2.0401068791
2.6894318501
2.2008976988
2.2158618080
2.4420839285
2.1369334676
2.8009291339
2.2983111152
1.8810765428
2.3388022340
2.5940723311
2.3804670085
2.6958869560
2.6923659891
2.5811621193
2.7542763230
2.0286637368
2.4315210279
2.4535270707
2.1662748581
1.8083098944
2.1111130440
2.4693714216
2.3335207837
2.2997781847
2.5685453214
1.4365544772
2.3382154062
1.9764360618
2.1821192089
1.9943343100
2.1369334676
2.2654487579
2.8067974120
2.2314127449
2.0753165476
1.8801963010
1.9752624062
2.0333583593
2.6289885857
2.2138079106
2.2510714765
2.5315751694
2.2293588476
2.5626770433
1.9379988403
1.8385315266
2.6351502777
2.0494961240
1.9447473601
2.3628621742
3.0347800159
2.9951691387
2.3170896051
3.0658818898
2.1744904474
2.1674485137
2.2496044070
2.9141869011
1.9840648233
2.5656111823
2.4517665873
2.0122325581
2.4259461637
2.1513107489
3.1207502899
1.3972370140
2.0712087530
2.2554726851
2.3203171580
2.1334125008
2.3954311176
2.5031140206
2.2516583043
2.4238922664
2.5474195202
2.2193827748
2.1275442227
2.1856401758
1.8455734603
2.6281083440
1.8215135201
2.3922035647
2.3895628395
1.9415198071
1.8461602881
2.5333356528
2.6307490692
2.2372810230
2.4274132332
2.2141013245
2.4602755906
2.6140244766
2.4934313618
2.6169586156
2.3531795154
3.1465707135
2.0797177562
1.8561363609
2.2402151621
2.2155683941
2.3728382470
2.5174913020
2.4693714216
2.8745760239
2.3505387902
2.5400841726
1.8534956357
2.1994306293
2.2839338339
2.7818572301
2.2578199963
1.7839565403
1.7026808887
2.3393890618
1.6944652994
2.0940950375
1.5794470488
2.2252510529
2.0310110480
1.7246869316
2.2516583043
2.0148732833
2.4224251969
2.0374661539
2.0386398096
2.6377910029
2.3417363731
2.0448015016
2.1565921992
2.5383236892
2.5339224806
2.5133835073
2.5013535372
2.4227186108
2.0835321370
3.2539602026
2.3273590917
2.3261854361
2.9532109504
2.4626229018
1.8546692913
2.0759033755
2.7580907038
2.6278149301
2.1577658548
2.2281851920
2.6994079228
2.4793474944
2.0357056705
2.3584609656
2.4913774644
2.7554499786
2.4083413294
3.0500375389
2.5547548679
2.1381071232
2.2135144967
2.6551024232
2.3449639260
2.1181549777
2.2959638039
2.5917250198
2.3170896051
2.3191435024
2.3279459196
2.3719580052
2.6706533602
2.6163717878
2.3109279131
2.4705450772
2.5315751694
2.4752396997
2.2223169139
1.8555495331
2.2170354636
2.5656111823
2.8150130013
2.0650470610
1.6715790148
2.1850533480
2.1225561863
2.6873779528
2.6627311848
1.8012679607
1.9356515290
2.4444312397
2.4027664652
1.9644060917
2.6536353537
1.8631782946
